572
0 9
0 33
0 53
0 99
1 47
1 76
2 1
2 24
2 40
3 16
3 51
3 60
4 91
5 33
5 66
5 96
6 55
6 82
7 7
7 60
8 26
8 64
9 14
9 44
9 77
9 99
10 39
10 93
10 95
11 3
11 7
11 33
11 67
11 86
12 49
12 60
13 8
13 22
13 73
15 47
16 2
16 41
16 95
17 80
19 7
19 17
19 52
19 59
19 78
20 0
20 68
21 32
21 43
21 87
22 23
23 81
24 39
24 63
25 8
25 99
26 76
27 0
27 49
27 85
27 92
28 14
28 34
28 69
29 24
29 28
29 57
30 94
31 74
31 82
32 7
32 21
32 38
33 0
33 19
33 45
33 53
33 64
34 15
34 89
35 10
35 32
36 40
36 71
36 78
37 98
38 44
38 56
38 60
38 93
39 26
39 86
40 4
40 14
40 20
40 50
40 73
42 39
43 64
44 11
44 44
44 97
45 6
45 81
46 36
46 69
47 21
47 29
47 78
48 0
48 14
48 91
49 56
50 26
50 83
51 9
51 18
51 34
51 39
51 47
52 0
52 72
52 99
53 29
53 63
54 5
55 20
55 77
55 92
56 54
57 68
58 2
58 26
58 34
58 43
59 58
59 84
60 23
61 13
61 96
62 7
62 31
62 47
62 65
62 83
63 38
63 73
63 79
64 0
64 53
65 66
65 91
67 20
67 27
68 56
68 76
68 86
68 98
69 5
69 11
69 81
70 32
70 49
70 64
70 95
71 0
71 42
72 6
72 26
73 78
73 98
74 21
74 33
75 88
75 95
76 11
76 13
76 59
76 70
76 82
77 3
77 18
77 40
77 77
78 24
78 51
78 99
79 14
80 9
80 87
80 94
81 19
82 35
82 55
83 27
83 29
83 41
83 71
83 83
83 99
84 47
84 78
85 0
85 16
85 66
88 5
88 11
88 20
88 38
88 59
88 95
89 77
89 84
90 28
90 52
91 2
91 43
91 71
93 65
93 85
94 34
94 99
95 13
95 47
95 90
96 0
96 6
96 67
96 80
97 61
99 1
99 23
99 32
99 42
99 55
99 74
99 94
[10000, 10000, 10000, 10000, 10000, 10000, 10000, 10000, 10000, 10000, 10000, 10000, 10000, 10000, 10000, 10000, 10000, 10000, 10000, 10000, 10000, 10000, 10000, 10000, 10000, 10000, 10000, 10000, 10000, 10000, 10000, 10000, 10000, 10000, 10000, 10000, 10000, 10000, 10000, 10000, 10000, 10000, 10000, 10000, 10000, 10000, 10000, 10000, 10000, 10000, 10000, 10000, 10000, 10000, 10000, 10000, 10000, 10000, 10000, 10000, 10000, 10000, 10000, 10000, 10000, 10000, 10000, 10000, 10000, 10000, 10000, 10000, 10000, 10000, 10000, 10000, 10000, 10000, 10000, 10000, 10000, 10000, 10000, 10000, 10000, 10000, 10000, 10000, 10000, 10000, 10000, 10000, 10000, 10000, 10000, 10000, 10000, 10000, 10000, 10000, 10000, 10000, 10000, 10000, 10000, 10000, 10000, 10000, 10000, 10000, 10000, 10000, 10000, 10000, 10000, 10000, 10000, 10000, 10000, 10000, 10000, 10000, 10000, 10000, 10000, 10000, 10000, 10000, 10000, 10000, 10000, 10000, 10000, 10000, 10000, 10000, 10000, 10000, 10000, 10000, 10000, 10000, 10000, 10000, 10000, 10000, 10000, 10000, 10000, 10000, 10000, 10000, 10000, 10000, 10000, 10000, 10000, 10000, 10000, 10000, 10000, 10000, 10000, 10000, 10000, 10000, 10000, 10000, 10000, 10000, 10000, 10000, 10000, 10000, 10000, 10000, 10000, 10000, 10000, 10000, 10000, 10000, 10000, 10000, 10000, 10000, 10000, 10000, 10000, 10000, 10000, 10000, 10000, 10000, 10000, 10000, 10000, 10000, 10000, 10000, 10000, 10000, 10000, 10000, 10000, 10000, 10000, 10000, 10000, 10000, 10000, 10000, 10000, 10000, 10000, 10000, 10000, 10000, 10000, 10000, 10000, 10000, 10000, 10000, 10000, 10000, 10000, 10000, 10000, 10000, 10000, 10000, 10000, 10000, 10000, 10000, 10000, 10000, 10000, 10000, 10000]
1000000000000
